7
2
-31045948.311700664 39921031.22818822 
-20543131.27059646
9
38114114.17339587 -28631566.61164997 34951911.531774715 42664325.03647791 165928.78988741338 -2456715.7155871764 4647741.60602995 -27423404.534431584 -21279597.643631898 
-5231585.793915458
8
-43066431.65376792 47114837.10281466 -449098.69655257463 -33030262.231501516 46154744.318021774 44844833.79356155 29808989.373790324 -45024620.37405668 
27851610.550953478
6
-31163034.748271924 49232446.63919933 27574381.59158294 16251097.453078754 -32584542.812807195 27877623.133514807 
-14568720.012488887
8
-2390121.719026804 39917248.08411014 -29293521.974252623 -14502997.578265175 7877091.450282492 13396704.044844806 24252744.475188732 -27124931.52823301 
711927.2309983224
8
-36908696.43670527 18739929.314436644 -39937640.650574125 41250716.56539738 2442991.2690093666 24125240.05645755 38788235.725509375 -15754432.102050312 
-24735446.965176787
9
-20115273.935660172 -6757714.8620315045 -49920875.46674491 -28398858.90519864 18936283.3017883 -7835974.552432425 -27469829.380142096 -22863968.85890886 23888648.860538363 
-5628877.573855251
